rg65_es.txt: 0.8204467520617068
not_found_pairs: 0
not_found_words: 0
size_data: 65
SemEval17_es.txt: 0.7005144102699071
not_found_pairs: 4
not_found_words: 4
size_data: 378
all_data: 0.7180808952129603
not_found_pairs: 4
not_found_words: 4
size_data: 443
