rg65_es.txt: 0.8793905361995941
not_found_pairs: 0
not_found_words: 0
size_data: 65
SemEval17_es.txt: 0.7250861724998264
not_found_pairs: 3
not_found_words: 3
size_data: 378
all_data: 0.749081182758454
not_found_pairs: 3
not_found_words: 3
size_data: 443
