rg65_es.txt: 0.8793905361995941
not_found_pairs: 0
not_found_words: 0
size_data: 65
SemEval17_es.txt: 0.7312274619154205
not_found_pairs: 0
not_found_words: 0
size_data: 365
all_data: 0.7555092984485664
not_found_pairs: 0
not_found_words: 0
size_data: 430
