rg65_es.txt: 0.8204467520617068
not_found_pairs: 0
not_found_words: 0
size_data: 65
SemEval17_es.txt: 0.7043362489327047
not_found_pairs: 0
not_found_words: 0
size_data: 365
all_data: 0.7220418846460805
not_found_pairs: 0
not_found_words: 0
size_data: 430
