rg65_es.txt: 0.7643889395507487
not_found_pairs: 0
not_found_words: 0
size_data: 65
SemEval17_es.txt: 0.6758497573493991
not_found_pairs: 0
not_found_words: 0
size_data: 365
all_data: 0.6890465854680947
not_found_pairs: 0
not_found_words: 0
size_data: 430
